$coord
  -29.90170465599445      2.85680902117662     -1.91064191527411      o
  -27.85718727611188      1.82108036336012     -1.82502409337146      c
  -27.49692799641243     -0.97538928041578     -1.39817275447526      c
  -24.96433215092815     -1.61874654235669     -0.19103837750150      c
  -22.80505926189996     -0.47200781258996     -1.72985937504548      c
  -22.82991482972581     -1.33496258952899     -3.62252025261549      h
  -20.34434103960613     -0.94538420887782     -0.67987840273476      n
  -18.19914094108954     -1.65151250377480     -2.24543902505906      c
  -16.00478717613047     -1.36825011535977     -0.46336681051165      c
  -13.48333315592568     -1.94498697221194     -0.81920224133402      c
  -11.75333045524380     -1.48920770567351      1.15972463420223      c
   -9.20937924542701     -2.12864567561483      0.85169171563734      n
   -7.53924873781335     -1.92969908779689      3.02295491697868      c
   -5.09146002172071     -3.39280442837454      2.54132986612078      c
   -3.77254078508224     -2.67429842730716      0.24127426991875      n
   -2.39083539767864     -0.30048682013860      0.37837201113347      c
   -0.01175901350387     -0.44843347908222      2.01926089656686      c
    1.49253668759229      2.03991442900054      1.84655315610405      c
    3.66756422339034      1.89012717680350     -0.03871133338186      c
    5.43569592825546     -0.06468868300326      0.70221059907382      n
    7.97081833757940      0.10579107034889      0.11146520239857      c
    8.87163377759079      1.83933889725606     -1.70072168780251      c
   11.43126404513213      1.99969349798821     -2.26038864849632      c
   13.23012080719184      0.45494820901763     -1.09290828469504      c
   16.01491761264490      0.71710802570673     -1.74289470591012      c
   16.10254988260520      1.42307569388241     -3.69533895942011      h
   17.38406199044320     -1.80417591914610     -1.67610800492168      c
   16.93118912269716     -3.56100328228429     -3.59878151293418      c
   18.08148242731985     -5.91861048786336     -3.62606915829305      c
   19.73304448595178     -6.56633868634964     -1.67147250671771      c
   20.92802036498655     -8.84798268083897     -1.55974433883698      o
   20.20500169791383     -4.84772536507066      0.25657349269059      c
   19.05207222533577     -2.46946345285915      0.27414416627416      c
   19.69621372362184     -0.64683582577388      2.37656275486835      c
   17.89876102807887      1.59804165707403      2.54306463471077      c
   17.44859046870285      2.68768420146175     -0.09207530964841      c
   19.31480651876926      2.90100971542481     -0.98930593918572      h
   16.22945822051141      5.26925418940589     -0.11777558505566      c
   14.38038765564866      5.98140882094064      1.63262670923073      c
   13.27735451188331      8.37070106458980      1.53959549170877      c
   13.99372323269440     10.09680148080728     -0.31567904404824      c
   15.83052380577631      9.41385823583467     -2.07532209912443      c
   16.93375348105948      7.02574518129243     -1.96544586285393      c
   12.32607015604094     -1.29227556591324      0.67043107469708      c
    9.77619087534530     -1.46438426319193      1.28279493833254      c
    4.42395356424368     -2.27466292417677      1.97482776600432      c
    1.66709446993920     -2.68308565382508      1.25360244903172      c
   -5.52049588402654     -2.85761131082773     -1.86796056083676      c
   -7.96435774921504     -1.37087683468448     -1.49374187419368      c
  -12.67017077286206     -0.45182931694301      3.44518020630158      c
  -15.21591155332669      0.09971749055779      3.78251332855687      c
  -16.87910865575880     -0.36969992948167      1.81051607874992      c
  -19.62610337964962      0.04009285161298      1.63478477647448      c
  -21.05869531235956      1.02664327654726      3.15542282916783      o
  -23.18101838631143      2.36625690406696     -2.18556494226472      c
  -21.44289175298427      3.79930048132267     -2.60460226360144      o
  -25.65664276834147      3.20560144270172     -2.20023677596044      n
  -29.08961374764817     -1.62773596957083     -0.25553095096462      h
  -27.68371419656524     -1.89294013506000     -3.25563370336801      h
  -24.71011485317557     -3.67027291646614     -0.09603239617068      h
  -24.86577726391977     -0.88695576657513      1.73988945425945      h
  -18.02483260259217     -0.36457499220928     -3.86736450874895      h
  -18.40090133111934     -3.59041497981652     -2.96126917392228      h
  -12.85204179534324     -2.79630859507692     -2.57708407165436      h
   -8.47567228734670     -2.76590479132492      4.66698263751880      h
   -7.12427810711459      0.06684192502398      3.48460934206424      h
   -5.55847748957141     -5.41057273484611      2.39622913473329      h
   -3.83325201655346     -3.17072759269008      4.16967852893635      h
   -1.80367859092975      0.16868871495585     -1.55886561618519      h
   -3.55690791551093      1.30555362567825      1.03782596027431      h
   -0.58189883642613     -0.69843479783232      4.00086551403341      h
    2.28937183686778      2.52169821685361      3.69823721220857      h
    0.24353353841832      3.61139556329918      1.31766227521041      h
    2.93768962990752      1.58960402989069     -1.97324665233048      h
    4.65977815754488      3.70713475836957     -0.05383859107560      h
    7.56363904772653      3.04123117393719     -2.72655762931335      h
   12.04372428480037      3.37014367654434     -3.66763557431200      h
   15.62117049614458     -3.06779987941020     -5.10646738271273      h
   17.69488603450637     -7.24681961817109     -5.15031847762634      h
   20.43754194719608     -9.85851562012570     -2.99958904044493      h
   21.49884426876891     -5.38535622932889      1.76102037187738      h
   21.62668802111089      0.05959860475663      2.05695337401340      h
   19.75877499697715     -1.66378627500789      4.18343195573149      h
   18.69327559366318      3.04720081879098      3.79392538467336      h
   16.09623441786910      1.00544054933628      3.38092573833121      h
   13.77610237123129      4.65156696725409      3.07632645214977      h
   11.84482305040962      8.88175482051513      2.92191504010555      h
   13.13423799293535     11.96181566505317     -0.38470318077802      h
   16.41803588103819     10.74592996635802     -3.52594957804664      h
   18.38174290230018      6.51322121843572     -3.33610769073694      h
   13.64037468146291     -2.57970062682104      1.58823704236924      h
    9.19613943885605     -2.81987347995400      2.70924148165833      h
    4.61156746444270     -2.12216580470516      4.04972438319916      h
    5.52258364611941     -3.93322263867878      1.39586859121988      h
    0.97939856374239     -4.43879807854487      2.10590295003354      h
    1.55241454983890     -2.96439406541870     -0.79995160121831      h
   -6.00183369651224     -4.86224980012802     -2.12359515318900      h
   -4.57367128185778     -2.21487576878453     -3.59508331889212      h
   -7.57068622176003      0.68110874287525     -1.46113464977074      h
   -9.21450985187780     -1.71917036851050     -3.09717449794715      h
  -11.36827796868089     -0.03422062856275      4.97082036406868      h
  -15.89313837674731      0.90969379536137      5.54423130292697      h
  -25.89747135644255      5.08223177348646     -2.52885637101699      h
$redundant
     number_of_atoms           103
     degrees_of_freedom        303
     internal_coordinates      303
     frozen_coordinates          0
# definitions of redundant internals
   1 k  1.0000000000000 stre    2    1           val=   2.29349
   2 k  0.7071129053522 bend   57    1    2      val=  -1.94963
       -0.7071006569679 bend    3    1    2
   3 k  1.0000000000000 outp    1    3   57    2 val=  -1.45625
   4 k  1.0000000000000 stre    5    6           val=   2.08026
   5 k  0.7127722348126 bend    7    6    5      val=   0.65479
       -0.7013730102635 bend    4    6    5
        0.0056251003700 bend   55    6    5
   6 k -0.3967220293015 bend    7    6    5      val=   1.10505
       -0.3965301896972 bend    4    6    5
        0.8278740484673 bend   55    6    5
   7 k  1.0000000000000 stre   25   26           val=   2.07801
   8 k  0.4003435296894 bend   27   26   25      val=   1.89922
       -0.8071320740446 bend   24   26   25
        0.4338926978923 bend   36   26   25
   9 k  0.7203546032504 bend   27   26   25      val=   1.48824
       -0.0154700795280 bend   24   26   25
       -0.6934334302695 bend   36   26   25
  10 k  1.0000000000000 stre   36   37           val=   2.08166
  11 k -0.7824441533748 bend   38   37   36      val=   2.32467
        0.5717144346730 bend   35   37   36
        0.2468273729474 bend   25   37   36
  12 k -0.1776644278760 bend   38   37   36      val=   1.15977
       -0.5848442923436 bend   35   37   36
        0.7914496223896 bend   25   37   36
  13 k  1.0000000000000 stre   53   54           val=   2.31040
  14 k  0.7071067846550 bend    7   54   53      val=  -2.17248
       -0.7071067777181 bend   52   54   53
  15 k  1.0000000000000 outp   54   52    7   53 val=  -0.08037
  16 k  1.0000000000000 stre   55   56           val=   2.29135
  17 k  0.7071453840328 bend   57   56   55      val=  -0.87567
       -0.7070681762327 bend    5   56   55
  18 k  1.0000000000000 outp   56    5   57   55 val=   2.24278
  19 k  1.0000000000000 stre    3   58           val=   2.06587
  20 k  1.0000000000000 stre    3   59           val=   2.08013
  21 k  0.1008692401393 bend   59   58    3      val=   1.74491
        0.4949444472211 bend    2   58    3
        0.4877400805776 bend    2   59    3
       -0.5147695257394 bend    4   58    3
       -0.4919119227329 bend    4   59    3
  22 k  0.0397729710495 bend   59   58    3      val=   0.61073
       -0.4716484761576 bend    2   58    3
        0.4486135521343 bend    2   59    3
       -0.5344324294496 bend    4   58    3
        0.5376743297817 bend    4   59    3
  23 k  0.8988013051684 bend   59   58    3      val=   1.88869
       -0.2454915063462 bend    2   58    3
       -0.2760244237156 bend    2   59    3
       -0.1396053869475 bend    4   58    3
       -0.1902918484517 bend    4   59    3
  24 k -0.0040451117791 bend   59   58    3      val=   0.40849
       -0.5269960607766 bend    2   58    3
        0.5463356201020 bend    2   59    3
        0.4550251467686 bend    4   58    3
       -0.4655408628817 bend    4   59    3
  25 k  1.0000000000000 stre    4   61           val=   2.06730
  26 k  1.0000000000000 stre    4   60           val=   2.06940
  27 k  0.0449922372347 bend   60   61    4      val=   0.75358
       -0.5056760112183 bend    3   61    4
       -0.5005682749542 bend    3   60    4
        0.4943966071945 bend    5   61    4
        0.4972633780712 bend    5   60    4
  28 k  0.0037289258583 bend   60   61    4      val=   0.00356
       -0.5153208626283 bend    3   61    4
        0.5178735545430 bend    3   60    4
       -0.4857454839295 bend    5   61    4
        0.4798841631051 bend    5   60    4
  29 k  0.8966153964911 bend   60   61    4      val=  -0.09588
       -0.1949585659511 bend    3   61    4
       -0.2020926019560 bend    3   60    4
       -0.2415146467872 bend    5   61    4
       -0.2426957847994 bend    5   60    4
  30 k -0.0021018543954 bend   60   61    4      val=   0.26809
        0.4832881362471 bend    3   61    4
       -0.4823369960555 bend    3   60    4
       -0.5150399056253 bend    5   61    4
        0.5181824750226 bend    5   60    4
  31 k  1.0000000000000 stre    8   63           val=   2.07665
  32 k  1.0000000000000 stre    8   62           val=   2.07780
  33 k  0.0194156945843 bend   62   63    8      val=   0.65064
        0.5013076523695 bend    7   63    8
        0.4998581104191 bend    7   62    8
       -0.5098147382729 bend    9   63    8
       -0.4884101458483 bend    9   62    8
  34 k  0.0146490453653 bend   62   63    8      val=   0.28050
       -0.5085297099701 bend    7   63    8
        0.4979240604083 bend    7   62    8
       -0.4917078344687 bend    9   63    8
        0.5014757971590 bend    9   62    8
  35 k -0.8779549766061 bend   62   63    8      val=   6.13867
        0.2419202129870 bend    7   63    8
        0.2525443600987 bend    7   62    8
        0.2231125247696 bend    9   63    8
        0.2389807880857 bend    9   62    8
  36 k -0.0016486637729 bend   62   63    8      val=   0.34130
       -0.4898235876119 bend    7   63    8
        0.5035918920336 bend    7   62    8
        0.4985620296409 bend    9   63    8
       -0.5078397816291 bend    9   62    8
  37 k  1.0000000000000 stre   10   64           val=   2.05266
  38 k  0.7071121013925 bend    9   64   10      val=  -0.04401
       -0.7071014609406 bend   11   64   10
  39 k  1.0000000000000 outp   64   11    9   10 val=   1.74297
  40 k  1.0000000000000 stre   13   65           val=   2.06856
  41 k  1.0000000000000 stre   13   66           val=   2.09081
  42 k  0.0367631843207 bend   66   65   13      val=   0.34096
       -0.4957069183951 bend   12   65   13
       -0.5147067050574 bend   12   66   13
        0.4842351710765 bend   14   65   13
        0.5035041471480 bend   14   66   13
  43 k  0.0166767183724 bend   66   65   13      val=   1.45763
        0.5362399766841 bend   12   65   13
       -0.5183803733964 bend   12   66   13
        0.4783721222824 bend   14   65   13
       -0.4632606993591 bend   14   66   13
  44 k  0.8974679455763 bend   66   65   13      val=   0.03993
       -0.2046650333227 bend   12   65   13
       -0.1966976007072 bend   12   66   13
       -0.2424849209672 bend   14   65   13
       -0.2348928006082 bend   14   66   13
  45 k  0.0014792073566 bend   66   65   13      val=   0.08937
       -0.4800076319585 bend   12   65   13
        0.4617245162231 bend   12   66   13
        0.5372921245251 bend   14   65   13
       -0.5174148521729 bend   14   66   13
  46 k  1.0000000000000 stre   14   68           val=   2.06976
  47 k  1.0000000000000 stre   14   67           val=   2.07619
  48 k  0.0156788965403 bend   67   68   14      val=   0.05783
       -0.5162500147379 bend   15   68   14
       -0.4904286015161 bend   15   67   14
        0.5030276575822 bend   13   68   14
        0.4895743631040 bend   13   67   14
  49 k  0.0453643102561 bend   67   68   14      val=   1.19976
       -0.5203448692404 bend   15   68   14
        0.5243282043588 bend   15   67   14
       -0.4813370808211 bend   13   68   14
        0.4696571570312 bend   13   67   14
  50 k  0.9072356425600 bend   67   68   14      val=   3.68964
       -0.1751022900149 bend   15   68   14
       -0.2261947421358 bend   15   67   14
       -0.2003471663782 bend   13   68   14
       -0.2344346997665 bend   13   67   14
  51 k -0.0046477012710 bend   67   68   14      val=   0.50142
        0.4683061668823 bend   15   68   14
       -0.4831054113428 bend   15   67   14
       -0.5109343785216 bend   13   68   14
        0.5349980890704 bend   13   67   14
  52 k  1.0000000000000 stre   16   69           val=   2.07792
  53 k  1.0000000000000 stre   16   70           val=   2.09140
  54 k  0.0587963859474 bend   70   69   16      val=   0.77586
       -0.4693931154914 bend   15   69   16
       -0.5390636793121 bend   15   70   16
        0.4922097796705 bend   17   69   16
        0.4933081902543 bend   17   70   16
  55 k  0.0474371574542 bend   70   69   16      val=   2.42663
        0.5641840601749 bend   15   69   16
       -0.5078112099563 bend   15   70   16
        0.4476065125596 bend   17   69   16
       -0.4703426913371 bend   17   70   16
  56 k  0.9039998205453 bend   70   69   16      val=   2.49128
       -0.2179968094143 bend   15   69   16
       -0.1472489522232 bend   15   70   16
       -0.2383992936484 bend   17   69   16
       -0.2382125907594 bend   17   70   16
  57 k -0.0228158946895 bend   70   69   16      val=   2.61286
       -0.4637870250423 bend   15   69   16
        0.4528175971877 bend   15   70   16
        0.5661876617151 bend   17   69   16
       -0.5086932137848 bend   17   70   16
  58 k  1.0000000000000 stre   17   71           val=   2.07709
  59 k -0.7344936710237 bend   16   71   17      val=   0.13993
        0.6757251725307 bend   47   71   17
        0.0625662723405 bend   18   71   17
  60 k -0.3480840339769 bend   16   71   17      val=   0.61948
       -0.4542856237208 bend   47   71   17
        0.8200378511819 bend   18   71   17
  61 k  1.0000000000000 stre   18   72           val=   2.07263
  62 k  1.0000000000000 stre   18   73           val=   2.07588
  63 k  0.0410324732285 bend   73   72   18      val=   0.75115
        0.4916988377296 bend   19   72   18
        0.5030436504852 bend   19   73   18
       -0.4996136456035 bend   17   72   18
       -0.5038669268264 bend   17   73   18
  64 k  0.0144970373984 bend   73   72   18      val=   0.59113
        0.4888679616420 bend   19   72   18
       -0.4839706732897 bend   19   73   18
        0.5128088801029 bend   17   72   18
       -0.5134173661553 bend   17   73   18
  65 k  0.9034840068837 bend   73   72   18      val=   1.65027
       -0.2405266606806 bend   19   72   18
       -0.2251672075122 bend   19   73   18
       -0.1982946001736 bend   17   72   18
       -0.1893213009949 bend   17   73   18
  66 k -0.0031135854567 bend   73   72   18      val=   0.31240
       -0.5158219559538 bend   19   72   18
        0.5104198826985 bend   19   73   18
        0.4915448066757 bend   17   72   18
       -0.4814283557476 bend   17   73   18
  67 k  1.0000000000000 stre   19   75           val=   2.07032
  68 k  1.0000000000000 stre   19   74           val=   2.08937
  69 k  0.0335786211375 bend   74   75   19      val=   0.28536
       -0.4891317255457 bend   20   75   19
       -0.5203317528927 bend   20   74   19
        0.4886989452980 bend   18   75   19
        0.5000508364791 bend   18   74   19
  70 k  0.0186255866503 bend   74   75   19      val=   1.51016
        0.5401721460144 bend   20   75   19
       -0.5121911052350 bend   20   74   19
        0.4744381954051 bend   18   75   19
       -0.4695059218488 bend   18   74   19
  71 k  0.8984135622880 bend   74   75   19      val=  -0.18270
       -0.2101420887233 bend   20   75   19
       -0.1930088347999 bend   20   74   19
       -0.2370178611573 bend   18   75   19
       -0.2350818938700 bend   18   74   19
  72 k -0.0041282954115 bend   74   75   19      val=   0.75956
       -0.4793652786908 bend   20   75   19
        0.4644709757464 bend   20   74   19
        0.5398248370974 bend   18   75   19
       -0.5128818038346 bend   18   74   19
  73 k  1.0000000000000 stre   22   76           val=   2.05128
  74 k -0.7071050058204 bend   23   76   22      val=   0.86824
        0.7071085565482 bend   21   76   22
  75 k  1.0000000000000 outp   76   21   23   22 val=  -1.50682
  76 k  1.0000000000000 stre   23   77           val=   2.05757
  77 k -0.7071067300514 bend   22   77   23      val=   0.39456
        0.7071068323217 bend   24   77   23
  78 k  1.0000000000000 outp   77   24   22   23 val=   0.38093
  79 k  1.0000000000000 stre   28   78           val=   2.05731
  80 k  0.7071071035349 bend   29   78   28      val=   0.13930
       -0.7071064588380 bend   27   78   28
  81 k  1.0000000000000 outp   78   27   29   28 val=  -0.57729
  82 k  1.0000000000000 stre   29   79           val=   2.05838
  83 k  0.7071067904574 bend   28   79   29      val=  -0.07516
       -0.7071067719157 bend   30   79   29
  84 k  1.0000000000000 outp   79   30   28   29 val=   0.16177
  85 k  1.0000000000000 tors   80   31   30   29 val=  89.90453
        1.0000000000000 tors   80   31   30   32
  86 k  1.0000000000000 stre   31   80           val=   1.82617
  87 k  1.0000000000000 bend   30   80   31      val= 109.33413
  88 k  1.0000000000000 stre   32   81           val=   2.05583
  89 k -0.7071067621952 bend   30   81   32      val=   0.84437
        0.7071068001779 bend   33   81   32
  90 k  1.0000000000000 outp   81   33   30   32 val=  -0.11499
  91 k  1.0000000000000 stre   34   83           val=   2.07434
  92 k  1.0000000000000 stre   34   82           val=   2.08037
  93 k  0.0150133311985 bend   82   83   34      val=   0.29410
        0.5075628387126 bend   33   83   34
        0.4911984222061 bend   33   82   34
       -0.5108043944723 bend   35   83   34
       -0.4898546164469 bend   35   82   34
  94 k  0.0450648164419 bend   82   83   34      val=   1.16374
       -0.4995050212055 bend   33   83   34
        0.4923286556910 bend   33   82   34
       -0.5035126820209 bend   35   83   34
        0.5025448934565 bend   35   82   34
  95 k  0.9062529277238 bend   82   83   34      val=   2.33075
       -0.1969776967102 bend   33   83   34
       -0.2372355263611 bend   33   82   34
       -0.1807456518339 bend   35   83   34
       -0.2257337643465 bend   35   82   34
  96 k -0.0013621533569 bend   82   83   34      val=   0.13910
       -0.4935191057851 bend   33   83   34
        0.5135215723048 bend   33   82   34
        0.4876148016007 bend   35   83   34
       -0.5049400328760 bend   35   82   34
  97 k  1.0000000000000 stre   35   84           val=   2.07267
  98 k  1.0000000000000 stre   35   85           val=   2.07420
  99 k  0.0025414691147 bend   85   84   35      val=   0.05680
        0.4992821852806 bend   34   84   35
        0.5005896017597 bend   34   85   35
       -0.5024160457748 bend   36   84   35
       -0.4976936888833 bend   36   85   35
 100 k  0.0046141318579 bend   85   84   35      val=   0.05718
       -0.5018594862078 bend   34   84   35
        0.4975717178597 bend   34   85   35
       -0.4993844207975 bend   36   84   35
        0.5011520245807 bend   36   85   35
 101 k  0.8974634365653 bend   85   84   35      val=  -0.68625
       -0.2204158613157 bend   34   84   35
       -0.2229520209485 bend   34   85   35
       -0.2159338611863 bend   36   84   35
       -0.2228030342186 bend   36   85   35
 102 k -0.0016261144223 bend   85   84   35      val=   0.21113
       -0.4986323924261 bend   34   84   35
        0.5019307106103 bend   34   85   35
        0.4996533109560 bend   36   84   35
       -0.4997751730252 bend   36   85   35
 103 k  1.0000000000000 stre   39   86           val=   2.05375
 104 k -0.7071067017729 bend   40   86   39      val=   0.25197
        0.7071068606002 bend   38   86   39
 105 k  1.0000000000000 outp   86   38   40   39 val=  -0.55822
 106 k  1.0000000000000 stre   40   87           val=   2.05527
 107 k -0.7071067609999 bend   39   87   40      val=   0.21944
        0.7071068013732 bend   41   87   40
 108 k  1.0000000000000 outp   87   41   39   40 val=   0.19723
 109 k  1.0000000000000 stre   41   88           val=   2.05469
 110 k  0.7071067827498 bend   40   88   41      val=   0.00607
       -0.7071067796233 bend   42   88   41
 111 k  1.0000000000000 outp   88   42   40   41 val=  -0.24193
 112 k  1.0000000000000 stre   42   89           val=   2.05521
 113 k -0.7071067004203 bend   43   89   42      val=   0.17601
        0.7071068619528 bend   41   89   42
 114 k  1.0000000000000 outp   89   41   43   42 val=   0.45262
 115 k  1.0000000000000 stre   43   90           val=   2.05866
 116 k  0.7071068543956 bend   42   90   43      val=   0.18601
       -0.7071067079775 bend   38   90   43
 117 k  1.0000000000000 outp   90   38   42   43 val=  -0.29885
 118 k  1.0000000000000 stre   44   91           val=   2.05602
 119 k -0.7071064628252 bend   45   91   44      val=   0.59317
        0.7071070995477 bend   24   91   44
 120 k  1.0000000000000 outp   91   24   45   44 val=  -0.57955
 121 k  1.0000000000000 stre   45   92           val=   2.05148
 122 k -0.7071063538857 bend   44   92   45      val=   0.78711
        0.7071072084871 bend   21   92   45
 123 k  1.0000000000000 outp   92   21   44   45 val=  -0.77579
 124 k  1.0000000000000 stre   46   94           val=   2.07196
 125 k  1.0000000000000 stre   46   93           val=   2.08894
 126 k  0.0300562412082 bend   93   94   46      val=   0.24883
       -0.4901949728346 bend   20   94   46
       -0.5185658439286 bend   20   93   46
        0.4914493784552 bend   47   94   46
        0.4983698274361 bend   47   93   46
 127 k  0.0148456144628 bend   93   94   46      val=   1.27999
        0.5374151285302 bend   20   94   46
       -0.5111119937050 bend   20   93   46
        0.4754382971193 bend   47   94   46
       -0.4729561743770 bend   47   93   46
 128 k  0.8989986459963 bend   93   94   46      val=   0.03931
       -0.2104516583672 bend   20   94   46
       -0.1953120360826 bend   20   93   46
       -0.2333065573684 bend   47   94   46
       -0.2343774580405 bend   47   93   46
 129 k -0.0049540037475 bend   93   94   46      val=   0.79808
       -0.4796486718563 bend   20   94   46
        0.4686451859124 bend   20   93   46
        0.5362073799592 bend   47   94   46
       -0.5126070081766 bend   47   93   46
 130 k  1.0000000000000 stre   47   95           val=   2.06927
 131 k  1.0000000000000 stre   47   96           val=   2.07590
 132 k  0.0199825408964 bend   96   95   47      val=   0.37088
        0.5050044582817 bend   46   95   47
        0.4928202530327 bend   46   96   47
       -0.5087168944246 bend   17   95   47
       -0.4928554703994 bend   17   96   47
 133 k  0.0358940666298 bend   96   95   47      val=   0.75190
       -0.4977332578401 bend   46   95   47
        0.4894188733187 bend   46   96   47
       -0.5071084103762 bend   17   95   47
        0.5042652541925 bend   17   96   47
 134 k  0.9034081062944 bend   96   95   47      val=   1.21862
       -0.2064056775567 bend   46   95   47
       -0.2393062158747 bend   46   96   47
       -0.1856776517197 bend   17   95   47
       -0.2225013133658 bend   17   96   47
 135 k -0.0009231380201 bend   96   95   47      val=   0.10660
       -0.4984852734400 bend   46   95   47
        0.5135359670342 bend   46   96   47
        0.4873185246935 bend   17   95   47
       -0.5003129480959 bend   17   96   47
 136 k  1.0000000000000 stre   48   98           val=   2.07184
 137 k  1.0000000000000 stre   48   97           val=   2.07740
 138 k -0.0028604983238 bend   97   98   48      val=   0.17644
        0.5109249468058 bend   15   98   48
        0.4943377617160 bend   15   97   48
       -0.5046220491414 bend   49   98   48
       -0.4898308699366 bend   49   97   48
 139 k  0.0363804512598 bend   97   98   48      val=   0.92581
       -0.5179195460085 bend   15   98   48
        0.5158222838994 bend   15   97   48
       -0.4844642501867 bend   49   98   48
        0.4792260096785 bend   49   97   48
 140 k  0.9061567320419 bend   97   98   48      val=   3.34895
       -0.1898532651075 bend   15   98   48
       -0.2268459839576 bend   15   97   48
       -0.1971704414502 bend   49   98   48
       -0.2291297258843 bend   49   97   48
 141 k -0.0008313775514 bend   97   98   48      val=   0.11819
        0.4748144413601 bend   15   98   48
       -0.4893416754070 bend   15   97   48
       -0.5087888332956 bend   49   98   48
        0.5255751163353 bend   49   97   48
 142 k  1.0000000000000 stre   49  100           val=   2.06281
 143 k  1.0000000000000 stre   49   99           val=   2.08966
 144 k  0.0202651087022 bend   99  100   49      val=   0.09575
       -0.5099322807138 bend   12  100   49
       -0.4977274131014 bend   12   99   49
        0.4924537728642 bend   48  100   49
        0.4993146285606 bend   48   99   49
 145 k -0.0227841132843 bend   99  100   49      val=   0.45527
        0.5237561264669 bend   12  100   49
       -0.5155793073763 bend   12   99   49
        0.4933522743123 bend   48  100   49
       -0.4646955082703 bend   48   99   49
 146 k  0.8986125744427 bend   99  100   49      val=   0.05768
       -0.1895099499290 bend   12  100   49
       -0.2263100191063 bend   12   99   49
       -0.2192642400811 bend   48  100   49
       -0.2393499283581 bend   48   99   49
 147 k -0.0056902580506 bend   99  100   49      val=   0.55742
        0.4802109236741 bend   12  100   49
       -0.4780205776793 bend   12   99   49
       -0.5164898683625 bend   48  100   49
        0.5235452539575 bend   48   99   49
 148 k  1.0000000000000 stre   50  101           val=   2.04863
 149 k -0.7071066160733 bend   51  101   50      val=   0.67466
        0.7071069462998 bend   11  101   50
 150 k  1.0000000000000 outp  101   11   51   50 val=   1.06903
 151 k  1.0000000000000 stre   51  102           val=   2.05386
 152 k -0.7071065729977 bend   52  102   51      val=   0.20040
        0.7071069893753 bend   50  102   51
 153 k  1.0000000000000 outp  102   50   52   51 val=   0.78513
 154 k  1.0000000000000 stre   57  103           val=   1.92035
 155 k  0.7071067811889 bend   55  103   57      val=  -0.03047
       -0.7071067811842 bend    2  103   57
 156 k  1.0000000000000 outp  103    2   55   57 val=  -0.00286
 157 k  1.0000000000000 stre   30   31           val=   2.57805
 158 k -0.7071067786936 bend   32   31   30      val=   2.48927
        0.7071067836795 bend   29   31   30
 159 k  1.0000000000000 outp   31   29   32   30 val=  -0.01996
 160 k  1.0000000000000 stre    5    4           val=   2.88885
 161 k  1.0000000000000 stre    4    3           val=   2.87839
 162 k  1.0000000000000 stre    3    2           val=   2.85171
 163 k  1.0000000000000 stre    2   57           val=   2.62680
 164 k  1.0000000000000 stre   57   55           val=   2.61408
 165 k  1.0000000000000 stre   55    5           val=   2.89910
 166 k -0.5000000000000 bend    5    3    4      val=  -1.56975
       -0.5000000000000 bend    4    2    3
        1.0000000000000 bend    3   57    2
       -0.5000000000000 bend    2   55   57
       -0.5000000000000 bend   57    5   55
        1.0000000000000 bend   55    4    5
 167 k  0.8660254037844 bend    5    3    4      val=   2.41157
       -0.8660254037844 bend    4    2    3
        0.8660254037844 bend    2   55   57
       -0.8660254037844 bend   57    5   55
 168 k -1.0000000000000 bend    5    3    4      val=   1.99049
        1.0000000000000 bend    4    2    3
       -1.0000000000000 bend    3   57    2
        1.0000000000000 bend    2   55   57
       -1.0000000000000 bend   57    5   55
        1.0000000000000 bend   55    4    5
 169 k -0.5000000000000 tors    4    3    2   57 val= -19.77948
       -0.5000000000000 tors    3    2   57   55
        1.0000000000000 tors    2   57   55    5
       -0.5000000000000 tors   57   55    5    4
       -0.5000000000000 tors   55    5    4    3
        1.0000000000000 tors    5    4    3    2
 170 k  0.8660254037844 tors    4    3    2   57 val= -12.47297
       -0.8660254037844 tors    3    2   57   55
        0.8660254037844 tors   57   55    5    4
       -0.8660254037844 tors   55    5    4    3
 171 k -1.0000000000000 tors    4    3    2   57 val= -27.33733
        1.0000000000000 tors    3    2   57   55
       -1.0000000000000 tors    2   57   55    5
        1.0000000000000 tors   57   55    5    4
       -1.0000000000000 tors   55    5    4    3
        1.0000000000000 tors    5    4    3    2
 172 k  1.0000000000000 tors    4    5    7    8 val=  99.61236
        1.0000000000000 tors    4    5    7   53
        1.0000000000000 tors   55    5    7    8
        1.0000000000000 tors   55    5    7   53
 173 k -0.5802702022722 bend    7    4    5      val=  17.16928
        0.8144240249127 bend    7   55    5
 174 k  0.8144240249127 bend    7    4    5      val= 112.33216
        0.5802702022722 bend    7   55    5
 175 k  1.0000000000000 stre   38   39           val=   2.64389
 176 k  1.0000000000000 stre   39   40           val=   2.63326
 177 k  1.0000000000000 stre   40   41           val=   2.63337
 178 k  1.0000000000000 stre   41   42           val=   2.63374
 179 k  1.0000000000000 stre   42   43           val=   2.63292
 180 k  1.0000000000000 stre   43   38           val=   2.64484
 181 k -0.5000000000000 bend   38   40   39      val=  -0.97649
       -0.5000000000000 bend   39   41   40
        1.0000000000000 bend   40   42   41
       -0.5000000000000 bend   41   43   42
       -0.5000000000000 bend   42   38   43
        1.0000000000000 bend   43   39   38
 182 k  0.8660254037844 bend   38   40   39      val=  -0.20174
       -0.8660254037844 bend   39   41   40
        0.8660254037844 bend   41   43   42
       -0.8660254037844 bend   42   38   43
 183 k -1.0000000000000 bend   38   40   39      val=  -0.54276
        1.0000000000000 bend   39   41   40
       -1.0000000000000 bend   40   42   41
        1.0000000000000 bend   41   43   42
       -1.0000000000000 bend   42   38   43
        1.0000000000000 bend   43   39   38
 184 k -0.5000000000000 tors   39   40   41   42 val=   0.20566
       -0.5000000000000 tors   40   41   42   43
        1.0000000000000 tors   41   42   43   38
       -0.5000000000000 tors   42   43   38   39
       -0.5000000000000 tors   43   38   39   40
        1.0000000000000 tors   38   39   40   41
 185 k  0.8660254037844 tors   39   40   41   42 val=  -0.03533
       -0.8660254037844 tors   40   41   42   43
        0.8660254037844 tors   42   43   38   39
       -0.8660254037844 tors   43   38   39   40
 186 k -1.0000000000000 tors   39   40   41   42 val=   0.00434
        1.0000000000000 tors   40   41   42   43
       -1.0000000000000 tors   41   42   43   38
        1.0000000000000 tors   42   43   38   39
       -1.0000000000000 tors   43   38   39   40
        1.0000000000000 tors   38   39   40   41
 187 k  1.0000000000000 tors   39   38   36   25 val=  27.12495
        1.0000000000000 tors   39   38   36   35
        1.0000000000000 tors   43   38   36   25
        1.0000000000000 tors   43   38   36   35
 188 k  0.7074745989417 bend   36   39   38      val=   1.50510
       -0.7067387720030 bend   36   43   38
 189 k  1.0000000000000 outp   39   36   43   38 val=  -0.62174
 190 k  1.0000000000000 stre   27   28           val=   2.64352
 191 k  1.0000000000000 stre   28   29           val=   2.62340
 192 k  1.0000000000000 stre   29   30           val=   2.63963
 193 k  1.0000000000000 stre   30   32           val=   2.62559
 194 k  1.0000000000000 stre   32   33           val=   2.64304
 195 k -0.5000000000000 bend   33   28   27      val=  -0.43162
       -0.5000000000000 bend   27   29   28
        1.0000000000000 bend   28   30   29
       -0.5000000000000 bend   29   32   30
       -0.5000000000000 bend   30   33   32
        1.0000000000000 bend   32   27   33
 196 k  0.8660254037844 bend   33   28   27      val=  -1.21886
       -0.8660254037844 bend   27   29   28
        0.8660254037844 bend   29   32   30
       -0.8660254037844 bend   30   33   32
 197 k -1.0000000000000 bend   33   28   27      val=   0.46300
        1.0000000000000 bend   27   29   28
       -1.0000000000000 bend   28   30   29
        1.0000000000000 bend   29   32   30
       -1.0000000000000 bend   30   33   32
        1.0000000000000 bend   32   27   33
 198 k -0.5000000000000 tors   27   28   29   30 val=  -0.05274
       -0.5000000000000 tors   28   29   30   32
        1.0000000000000 tors   29   30   32   33
       -0.5000000000000 tors   30   32   33   27
       -0.5000000000000 tors   32   33   27   28
        1.0000000000000 tors   33   27   28   29
 199 k  0.8660254037844 tors   27   28   29   30 val=   0.23885
       -0.8660254037844 tors   28   29   30   32
        0.8660254037844 tors   30   32   33   27
       -0.8660254037844 tors   32   33   27   28
 200 k -1.0000000000000 tors   27   28   29   30 val=  -0.02199
        1.0000000000000 tors   28   29   30   32
       -1.0000000000000 tors   29   30   32   33
        1.0000000000000 tors   30   32   33   27
       -1.0000000000000 tors   32   33   27   28
        1.0000000000000 tors   33   27   28   29
 201 k  1.0000000000000 tors   34   33   27   32 val= 179.89535
        1.0000000000000 tors   25   33   27   28
 202 k  1.0000000000000 stre    7    5           val=   2.71692
 203 k  0.7088520560849 bend   53    5    7      val=   0.07506
       -0.7053571879440 bend    8    5    7
 204 k  1.0000000000000 outp    5    8   53    7 val= -17.47448
 205 k  1.0000000000000 stre   36   38           val=   2.85507
 206 k  0.7241914503847 bend   35   38   36      val=   3.53029
       -0.6895989727296 bend   25   38   36
 207 k  0.6895989727296 bend   35   38   36      val= 113.82527
        0.7241914503847 bend   25   38   36
 208 k  1.0000000000000 stre   25   27           val=   2.86982
 209 k  1.0000000000000 stre   27   33           val=   2.65110
 210 k  1.0000000000000 stre   33   34           val=   2.85606
 211 k  1.0000000000000 stre   34   35           val=   2.88063
 212 k  1.0000000000000 stre   35   36           val=   2.88686
 213 k  1.0000000000000 stre   36   25           val=   2.94343
 214 k -0.5000000000000 bend   25   33   27      val=  -2.04102
       -0.5000000000000 bend   27   34   33
        1.0000000000000 bend   33   35   34
       -0.5000000000000 bend   34   36   35
       -0.5000000000000 bend   35   25   36
        1.0000000000000 bend   36   27   25
 215 k  0.8660254037844 bend   25   33   27      val=   0.29770
       -0.8660254037844 bend   27   34   33
        0.8660254037844 bend   34   36   35
       -0.8660254037844 bend   35   25   36
 216 k -1.0000000000000 bend   25   33   27      val=  -0.70780
        1.0000000000000 bend   27   34   33
       -1.0000000000000 bend   33   35   34
        1.0000000000000 bend   34   36   35
       -1.0000000000000 bend   35   25   36
        1.0000000000000 bend   36   27   25
 217 k -0.5000000000000 tors   27   33   34   35 val=  23.28459
       -0.5000000000000 tors   33   34   35   36
        1.0000000000000 tors   34   35   36   25
       -0.5000000000000 tors   35   36   25   27
       -0.5000000000000 tors   36   25   27   33
        1.0000000000000 tors   25   27   33   34
 218 k  0.8660254037844 tors   27   33   34   35 val=  -3.29289
       -0.8660254037844 tors   33   34   35   36
        0.8660254037844 tors   35   36   25   27
       -0.8660254037844 tors   36   25   27   33
 219 k -1.0000000000000 tors   27   33   34   35 val= -33.98146
        1.0000000000000 tors   33   34   35   36
       -1.0000000000000 tors   34   35   36   25
        1.0000000000000 tors   35   36   25   27
       -1.0000000000000 tors   36   25   27   33
        1.0000000000000 tors   25   27   33   34
 220 k  1.0000000000000 tors   27   25   24   23 val= 151.75916
        1.0000000000000 tors   27   25   24   44
        1.0000000000000 tors   36   25   24   23
        1.0000000000000 tors   36   25   24   44
 221 k  0.7264885641205 bend   24   27   25      val=   2.23072
       -0.6871785548183 bend   24   36   25
 222 k  0.6871785548183 bend   24   27   25      val= 113.09820
        0.7264885641205 bend   24   36   25
 223 k  1.0000000000000 stre    9    8           val=   2.84099
 224 k  1.0000000000000 stre    8    7           val=   2.74800
 225 k  1.0000000000000 stre    7   53           val=   2.61624
 226 k  1.0000000000000 stre   53   52           val=   2.78295
 227 k -0.8090169943749 bend   52    8    9      val=   0.67352
        0.3090169943749 bend    9    7    8
        0.3090169943749 bend    8   53    7
       -0.8090169943749 bend    7   52   53
        1.0000000000000 bend   53    9   52
 228 k  0.5877852522925 bend   52    8    9      val=   3.69193
       -0.9510565162952 bend    9    7    8
        0.9510565162952 bend    8   53    7
       -0.5877852522925 bend    7   52   53
 229 k -0.8090169943749 tors    8    7   53   52 val=   6.57636
        0.3090169943749 tors    7   53   52    9
        0.3090169943749 tors   53   52    9    8
       -0.8090169943749 tors   52    9    8    7
        1.0000000000000 tors    9    8    7   53
 230 k  0.5877852522925 tors    8    7   53   52 val=  -2.33535
       -0.9510565162952 tors    7   53   52    9
        0.9510565162952 tors   53   52    9    8
       -0.5877852522925 tors   52    9    8    7
 231 k  1.0000000000000 tors   51   52    9   53 val= 180.17931
        1.0000000000000 tors   10   52    9    8
 232 k  1.0000000000000 stre   24   25           val=   2.87164
 233 k  0.7071069309170 bend   44   25   24      val=   1.23243
       -0.7071066314561 bend   23   25   24
 234 k  1.0000000000000 outp   25   23   44   24 val=   0.20015
 235 k  1.0000000000000 stre   11   10           val=   2.66773
 236 k  1.0000000000000 stre   10    9           val=   2.61093
 237 k  1.0000000000000 stre    9   52           val=   2.63289
 238 k  1.0000000000000 stre   52   51           val=   2.62209
 239 k  1.0000000000000 stre   51   50           val=   2.62656
 240 k  1.0000000000000 stre   50   11           val=   2.67209
 241 k -0.5000000000000 bend   11    9   10      val=  -0.36558
       -0.5000000000000 bend   10   52    9
        1.0000000000000 bend    9   51   52
       -0.5000000000000 bend   52   50   51
       -0.5000000000000 bend   51   11   50
        1.0000000000000 bend   50   10   11
 242 k  0.8660254037844 bend   11    9   10      val=  -1.29453
       -0.8660254037844 bend   10   52    9
        0.8660254037844 bend   52   50   51
       -0.8660254037844 bend   51   11   50
 243 k -1.0000000000000 bend   11    9   10      val=  -0.40688
        1.0000000000000 bend   10   52    9
       -1.0000000000000 bend    9   51   52
        1.0000000000000 bend   52   50   51
       -1.0000000000000 bend   51   11   50
        1.0000000000000 bend   50   10   11
 244 k -0.5000000000000 tors   10    9   52   51 val=  -0.39540
       -0.5000000000000 tors    9   52   51   50
        1.0000000000000 tors   52   51   50   11
       -0.5000000000000 tors   51   50   11   10
       -0.5000000000000 tors   50   11   10    9
        1.0000000000000 tors   11   10    9   52
 245 k  0.8660254037844 tors   10    9   52   51 val=   0.37550
       -0.8660254037844 tors    9   52   51   50
        0.8660254037844 tors   51   50   11   10
       -0.8660254037844 tors   50   11   10    9
 246 k -1.0000000000000 tors   10    9   52   51 val=  -0.06852
        1.0000000000000 tors    9   52   51   50
       -1.0000000000000 tors   52   51   50   11
        1.0000000000000 tors   51   50   11   10
       -1.0000000000000 tors   50   11   10    9
        1.0000000000000 tors   11   10    9   52
 247 k  1.0000000000000 tors   10   11   12   13 val= 116.40088
        1.0000000000000 tors   10   11   12   49
        1.0000000000000 tors   50   11   12   13
        1.0000000000000 tors   50   11   12   49
 248 k  0.7079692582190 bend   12   10   11      val=  -0.76857
       -0.7062432508823 bend   12   50   11
 249 k  1.0000000000000 outp   50   10   12   11 val=   1.52323
 250 k  1.0000000000000 stre   21   45           val=   2.66399
 251 k  1.0000000000000 stre   45   44           val=   2.62802
 252 k  1.0000000000000 stre   44   24           val=   2.64187
 253 k  1.0000000000000 stre   24   23           val=   2.64294
 254 k  1.0000000000000 stre   23   22           val=   2.62500
 255 k  1.0000000000000 stre   22   21           val=   2.66471
 256 k -0.5000000000000 bend   21   44   45      val=  -2.39579
       -0.5000000000000 bend   45   24   44
        1.0000000000000 bend   44   23   24
       -0.5000000000000 bend   24   22   23
       -0.5000000000000 bend   23   21   22
        1.0000000000000 bend   22   45   21
 257 k  0.8660254037844 bend   21   44   45      val=   0.08495
       -0.8660254037844 bend   45   24   44
        0.8660254037844 bend   24   22   23
       -0.8660254037844 bend   23   21   22
 258 k -1.0000000000000 bend   21   44   45      val=   0.43117
        1.0000000000000 bend   45   24   44
       -1.0000000000000 bend   44   23   24
        1.0000000000000 bend   24   22   23
       -1.0000000000000 bend   23   21   22
        1.0000000000000 bend   22   45   21
 259 k -0.5000000000000 tors   45   44   24   23 val=   0.60714
       -0.5000000000000 tors   44   24   23   22
        1.0000000000000 tors   24   23   22   21
       -0.5000000000000 tors   23   22   21   45
       -0.5000000000000 tors   22   21   45   44
        1.0000000000000 tors   21   45   44   24
 260 k  0.8660254037844 tors   45   44   24   23 val=  -0.71097
       -0.8660254037844 tors   44   24   23   22
        0.8660254037844 tors   23   22   21   45
       -0.8660254037844 tors   22   21   45   44
 261 k -1.0000000000000 tors   45   44   24   23 val=   0.15806
        1.0000000000000 tors   44   24   23   22
       -1.0000000000000 tors   24   23   22   21
        1.0000000000000 tors   23   22   21   45
       -1.0000000000000 tors   22   21   45   44
        1.0000000000000 tors   21   45   44   24
 262 k  1.0000000000000 tors   45   21   20   19 val=  73.84209
        1.0000000000000 tors   45   21   20   46
        1.0000000000000 tors   22   21   20   19
        1.0000000000000 tors   22   21   20   46
 263 k -0.7071033315749 bend   20   45   21      val=   0.15324
        0.7071102307814 bend   20   22   21
 264 k  1.0000000000000 outp   22   45   20   21 val=   0.43146
 265 k  1.0000000000000 stre   12   11           val=   2.64111
 266 k  0.7090373332968 bend   13   11   12      val=   0.61793
       -0.7051709438082 bend   49   11   12
 267 k  0.7051709438082 bend   13   11   12      val= 118.12759
        0.7090373332968 bend   49   11   12
 268 k  1.0000000000000 stre   20   21           val=   2.60862
 269 k  0.7071107020050 bend   19   21   20      val=   0.12049
       -0.7071028603463 bend   46   21   20
 270 k  1.0000000000000 outp   21   46   19   20 val=   2.67106
 271 k  1.0000000000000 stre   15   48           val=   2.74551
 272 k  1.0000000000000 stre   48   49           val=   2.88494
 273 k  1.0000000000000 stre   49   12           val=   2.76140
 274 k  1.0000000000000 stre   12   13           val=   2.74651
 275 k  1.0000000000000 stre   13   14           val=   2.89211
 276 k  1.0000000000000 stre   14   15           val=   2.74701
 277 k -0.5000000000000 bend   15   49   48      val=  -0.92988
       -0.5000000000000 bend   48   12   49
        1.0000000000000 bend   49   13   12
       -0.5000000000000 bend   12   14   13
       -0.5000000000000 bend   13   15   14
        1.0000000000000 bend   14   48   15
 278 k  0.8660254037844 bend   15   49   48      val=  -0.19502
       -0.8660254037844 bend   48   12   49
        0.8660254037844 bend   12   14   13
       -0.8660254037844 bend   13   15   14
 279 k -1.0000000000000 bend   15   49   48      val=  -1.84007
        1.0000000000000 bend   48   12   49
       -1.0000000000000 bend   49   13   12
        1.0000000000000 bend   12   14   13
       -1.0000000000000 bend   13   15   14
        1.0000000000000 bend   14   48   15
 280 k -0.5000000000000 tors   48   49   12   13 val=  -0.20433
       -0.5000000000000 tors   49   12   13   14
        1.0000000000000 tors   12   13   14   15
       -0.5000000000000 tors   13   14   15   48
       -0.5000000000000 tors   14   15   48   49
        1.0000000000000 tors   15   48   49   12
 281 k  0.8660254037844 tors   48   49   12   13 val=   0.03021
       -0.8660254037844 tors   49   12   13   14
        0.8660254037844 tors   13   14   15   48
       -0.8660254037844 tors   14   15   48   49
 282 k -1.0000000000000 tors   48   49   12   13 val= -54.21889
        1.0000000000000 tors   49   12   13   14
       -1.0000000000000 tors   12   13   14   15
        1.0000000000000 tors   13   14   15   48
       -1.0000000000000 tors   14   15   48   49
        1.0000000000000 tors   15   48   49   12
 283 k  1.0000000000000 tors   48   15   16   17 val= 135.15796
        1.0000000000000 tors   14   15   16   17
 284 k  0.7307776088367 bend   16   48   15      val=   3.61564
       -0.6826156212855 bend   16   14   15
 285 k  0.6826156212855 bend   16   48   15      val= 114.87883
        0.7307776088367 bend   16   14   15
 286 k  1.0000000000000 stre   17   47           val=   2.89801
 287 k  1.0000000000000 stre   47   46           val=   2.87876
 288 k  1.0000000000000 stre   46   20           val=   2.74357
 289 k  1.0000000000000 stre   20   19           val=   2.73798
 290 k  1.0000000000000 stre   19   18           val=   2.88226
 291 k  1.0000000000000 stre   18   17           val=   2.91284
 292 k -0.5000000000000 bend   17   46   47      val=   1.19483
       -0.5000000000000 bend   47   20   46
        1.0000000000000 bend   46   19   20
       -0.5000000000000 bend   20   18   19
       -0.5000000000000 bend   19   17   18
        1.0000000000000 bend   18   47   17
 293 k  0.8660254037844 bend   17   46   47      val=  -0.13425
       -0.8660254037844 bend   47   20   46
        0.8660254037844 bend   20   18   19
       -0.8660254037844 bend   19   17   18
 294 k -1.0000000000000 bend   17   46   47      val=  -1.90228
        1.0000000000000 bend   47   20   46
       -1.0000000000000 bend   46   19   20
        1.0000000000000 bend   20   18   19
       -1.0000000000000 bend   19   17   18
        1.0000000000000 bend   18   47   17
 295 k -0.5000000000000 tors   47   46   20   19 val= -44.99823
       -0.5000000000000 tors   46   20   19   18
        1.0000000000000 tors   20   19   18   17
       -0.5000000000000 tors   19   18   17   47
       -0.5000000000000 tors   18   17   47   46
        1.0000000000000 tors   17   47   46   20
 296 k  0.8660254037844 tors   47   46   20   19 val=  -3.47744
       -0.8660254037844 tors   46   20   19   18
        0.8660254037844 tors   19   18   17   47
       -0.8660254037844 tors   18   17   47   46
 297 k -1.0000000000000 tors   47   46   20   19 val=  -0.15830
        1.0000000000000 tors   46   20   19   18
       -1.0000000000000 tors   20   19   18   17
        1.0000000000000 tors   19   18   17   47
       -1.0000000000000 tors   18   17   47   46
        1.0000000000000 tors   17   47   46   20
 298 k  1.0000000000000 tors   47   17   16   15 val= 112.71398
        1.0000000000000 tors   18   17   16   15
 299 k  0.7563512123075 bend   16   47   17      val=   8.60385
       -0.6541657615933 bend   16   18   17
 300 k  0.6541657615933 bend   16   47   17      val= 110.84973
        0.7563512123075 bend   16   18   17
 301 k  1.0000000000000 stre   16   15           val=   2.75007
 302 k  1.0000000000000 stre   16   17           val=   2.89386
 303 k  1.0000000000000 bend   17   15   16      val= 113.40252
       303 non zero eigenvalues  of BmBt
           1          11.048067202    1    0
         1
           2          10.987200517    2    0
         2
           3          10.976075866    3    0
         3
           4          10.384337281    4    0
         4
           5           9.190669503    5    0
         5
           6           6.996983166    6    0
         6
           7           6.660342091    7    0
         7
           8           6.241288507    8    0
         8
           9           6.163239447    9    0
         9
          10           5.795901685   10    0
        10
          11           5.620674725   11    0
        11
          12           5.485181836   12    0
        12
          13           5.423190758   13    0
        13
          14           5.238460521   14    0
        14
          15           5.043265077   15    0
        15
          16           4.945555423   16    0
        16
          17           4.884453436   17    0
        17
          18           4.877814506   18    0
        18
          19           4.842575173   19    0
        19
          20           4.654853868   20    0
        20
          21           4.624016536   21    0
        21
          22           4.616873687   22    0
        22
          23           4.576895393   23    0
        23
          24           4.548924685   24    0
        24
          25           4.505331688   25    0
        25
          26           4.457353078   26    0
        26
          27           4.428600698   27    0
        27
          28           4.373604528   28    0
        28
          29           4.345897279   29    0
        29
          30           4.296733822   30    0
        30
          31           4.209426793   31    0
        31
          32           4.178698870   32    0
        32
          33           4.175724708   33    0
        33
          34           4.137472313   34    0
        34
          35           4.078713637   35    0
        35
          36           4.025317125   36    0
        36
          37           3.958955659   37    0
        37
          38           3.939633265   38    0
        38
          39           3.911312363   39    0
        39
          40           3.907485786   40    0
        40
          41           3.871345221   41    0
        41
          42           3.836007819   42    0
        42
          43           3.803213488   43    0
        43
          44           3.764576037   44    0
        44
          45           3.746097968   45    0
        45
          46           3.723805967   46    0
        46
          47           3.668332733   47    0
        47
          48           3.655005958   48    0
        48
          49           3.580954172   49    0
        49
          50           3.558884287   50    0
        50
          51           3.547298519   51    0
        51
          52           3.542656623   52    0
        52
          53           3.510238490   53    0
        53
          54           3.476935952   54    0
        54
          55           3.461530129   55    0
        55
          56           3.434221783   56    0
        56
          57           3.393844525   57    0
        57
          58           3.379743642   58    0
        58
          59           3.342429791   59    0
        59
          60           3.320387577   60    0
        60
          61           3.313368749   61    0
        61
          62           3.268203590   62    0
        62
          63           3.256808751   63    0
        63
          64           3.249883807   64    0
        64
          65           3.243370176   65    0
        65
          66           3.211306311   66    0
        66
          67           3.173113909   67    0
        67
          68           3.095213293   68    0
        68
          69           3.065831176   69    0
        69
          70           3.065069988   70    0
        70
          71           3.030645545   71    0
        71
          72           2.963465972   72    0
        72
          73           2.924260245   73    0
        73
          74           2.856726091   74    0
        74
          75           2.832062921   75    0
        75
          76           2.812564538   76    0
        76
          77           2.781992321   77    0
        77
          78           2.758440790   78    0
        78
          79           2.695502475   79    0
        79
          80           2.691672777   80    0
        80
          81           2.661818194   81    0
        81
          82           2.631928525   82    0
        82
          83           2.624024162   83    0
        83
          84           2.563867906   84    0
        84
          85           2.509963859   85    0
        85
          86           2.445643668   86    0
        86
          87           2.412582642   87    0
        87
          88           2.359207998   88    0
        88
          89           2.313951853   89    0
        89
          90           2.278772496   90    0
        90
          91           2.230100551   91    0
        91
          92           2.186640002   92    0
        92
          93           2.174685761   93    0
        93
          94           2.146670298   94    0
        94
          95           2.054645599   95    0
        95
          96           2.039095103   96    0
        96
          97           2.027175310   97    0
        97
          98           2.014152072   98    0
        98
          99           2.012289431   99    0
        99
         100           1.977231098  100    0
       100
         101           1.932112520  101    0
       101
         102           1.910516538  102    0
       102
         103           1.901662938  103    0
       103
         104           1.900987550  104    0
       104
         105           1.880394810  105    0
       105
         106           1.876979436  106    0
       106
         107           1.852026668  107    0
       107
         108           1.804687441  108    0
       108
         109           1.766669274  109    0
       109
         110           1.760606226  110    0
       110
         111           1.735071792  111    0
       111
         112           1.690318218  112    0
       112
         113           1.670920638  113    0
       113
         114           1.666191381  114    0
       114
         115           1.634168943  115    0
       115
         116           1.587395615  116    0
       116
         117           1.578339005  117    0
       117
         118           1.571777804  118    0
       118
         119           1.558585228  119    0
       119
         120           1.498757896  120    0
       120
         121           1.467446759  121    0
       121
         122           1.428257758  122    0
       122
         123           1.422154542  123    0
       123
         124           1.354172482  124    0
       124
         125           1.346766976  125    0
       125
         126           1.318387244  126    0
       126
         127           1.280458366  127    0
       127
         128           1.224511716  128    0
       128
         129           1.212904581  129    0
       129
         130           1.191027484  130    0
       130
         131           1.152839600  131    0
       131
         132           1.131272065  132    0
       132
         133           1.106140185  133    0
       133
         134           1.078115461  134    0
       134
         135           1.027678926  135    0
       135
         136           1.014018875  136    0
       136
         137           0.994020999  137    0
       137
         138           0.965005906  138    0
       138
         139           0.944068596  139    0
       139
         140           0.891159494  140    0
       140
         141           0.880521881  141    0
       141
         142           0.827693655  142    0
       142
         143           0.821401652  143    0
       143
         144           0.801518435  144    0
       144
         145           0.791484872  145    0
       145
         146           0.784530164  146    0
       146
         147           0.779786314  147    0
       147
         148           0.776807766  148    0
       148
         149           0.772802172  149    0
       149
         150           0.768467343  150    0
       150
         151           0.763765437  151    0
       151
         152           0.758070470  152    0
       152
         153           0.750980643  153    0
       153
         154           0.748353759  154    0
       154
         155           0.742466591  155    0
       155
         156           0.741708046  156    0
       156
         157           0.736848676  157    0
       157
         158           0.736368933  158    0
       158
         159           0.732078522  159    0
       159
         160           0.711094847  160    0
       160
         161           0.678870733  161    0
       161
         162           0.668795212  162    0
       162
         163           0.663103077  163    0
       163
         164           0.634767519  164    0
       164
         165           0.614590770  165    0
       165
         166           0.586726021  166    0
       166
         167           0.573628717  167    0
       167
         168           0.570696702  168    0
       168
         169           0.516475532  169    0
       169
         170           0.500766455  170    0
       170
         171           0.488596820  171    0
       171
         172           0.479029027  172    0
       172
         173           0.478079938  173    0
       173
         174           0.451172076  174    0
       174
         175           0.440069759  175    0
       175
         176           0.431998642  176    0
       176
         177           0.427568275  177    0
       177
         178           0.417850181  178    0
       178
         179           0.403946934  179    0
       179
         180           0.392560596  180    0
       180
         181           0.388731565  181    0
       181
         182           0.386520665  182    0
       182
         183           0.384338059  183    0
       183
         184           0.380001752  184    0
       184
         185           0.374804982  185    0
       185
         186           0.374534913  186    0
       186
         187           0.369711234  187    0
       187
         188           0.366768848  188    0
       188
         189           0.359644017  189    0
       189
         190           0.356648921  190    0
       190
         191           0.356588200  191    0
       191
         192           0.354967628  192    0
       192
         193           0.351398229  193    0
       193
         194           0.347891113  194    0
       194
         195           0.346715224  195    0
       195
         196           0.343291045  196    0
       196
         197           0.342389430  197    0
       197
         198           0.340624522  198    0
       198
         199           0.339496841  199    0
       199
         200           0.338787734  200    0
       200
         201           0.336364894  201    0
       201
         202           0.331852075  202    0
       202
         203           0.327121475  203    0
       203
         204           0.323018208  204    0
       204
         205           0.318184408  205    0
       205
         206           0.317110276  206    0
       206
         207           0.317075890  207    0
       207
         208           0.309006004  208    0
       208
         209           0.308419141  209    0
       209
         210           0.303704528  210    0
       210
         211           0.296828485  211    0
       211
         212           0.294231304  212    0
       212
         213           0.290169722  213    0
       213
         214           0.288096654  214    0
       214
         215           0.286736901  215    0
       215
         216           0.283877257  216    0
       216
         217           0.282724962  217    0
       217
         218           0.276607990  218    0
       218
         219           0.276158643  219    0
       219
         220           0.272493954  220    0
       220
         221           0.265798892  221    0
       221
         222           0.263370292  222    0
       222
         223           0.262562046  223    0
       223
         224           0.260981068  224    0
       224
         225           0.259259910  225    0
       225
         226           0.256502162  226    0
       226
         227           0.253608134  227    0
       227
         228           0.246796462  228    0
       228
         229           0.245642243  229    0
       229
         230           0.243452466  230    0
       230
         231           0.243180631  231    0
       231
         232           0.239590154  232    0
       232
         233           0.224020002  233    0
       233
         234           0.221589467  234    0
       234
         235           0.218440675  235    0
       235
         236           0.207091412  236    0
       236
         237           0.203402916  237    0
       237
         238           0.188528813  238    0
       238
         239           0.184729117  239    0
       239
         240           0.167703241  240    0
       240
         241           0.164339476  241    0
       241
         242           0.160004457  242    0
       242
         243           0.157997368  243    0
       243
         244           0.150741270  244    0
       244
         245           0.147789721  245    0
       245
         246           0.133597999  246    0
       246
         247           0.125789321  247    0
       247
         248           0.122730748  248    0
       248
         249           0.120040724  249    0
       249
         250           0.119243601  250    0
       250
         251           0.115380965  251    0
       251
         252           0.112899895  252    0
       252
         253           0.109057994  253    0
       253
         254           0.108400266  254    0
       254
         255           0.107081272  255    0
       255
         256           0.104421233  256    0
       256
         257           0.099875233  257    0
       257
         258           0.094939282  258    0
       258
         259           0.088639522  259    0
       259
         260           0.084813418  260    0
       260
         261           0.082734550  261    0
       261
         262           0.077545150  262    0
       262
         263           0.075026154  263    0
       263
         264           0.074188906  264    0
       264
         265           0.071667698  265    0
       265
         266           0.070972981  266    0
       266
         267           0.068172686  267    0
       267
         268           0.066229927  268    0
       268
         269           0.062500000  269    0
       269
         270           0.060132425  270    0
       270
         271           0.059483662  271    0
       271
         272           0.057692943  272    0
       272
         273           0.055196884  273    0
       273
         274           0.052426650  274    0
       274
         275           0.050085413  275    0
       275
         276           0.048564507  276    0
       276
         277           0.045126703  277    0
       277
         278           0.038896002  278    0
       278
         279           0.037053048  279    0
       279
         280           0.035558183  280    0
       280
         281           0.032469815  281    0
       281
         282           0.031318162  282    0
       282
         283           0.030127703  283    0
       283
         284           0.027694895  284    0
       284
         285           0.024602679  285    0
       285
         286           0.022962558  286    0
       286
         287           0.018752559  287    0
       287
         288           0.015621230  288    0
       288
         289           0.009800852  289    0
       289
         290           0.009311753  290    0
       290
         291           0.007024705  291    0
       291
         292           0.005527657  292    0
       292
         293           0.004944986  293    0
       293
         294           0.004345469  294    0
       294
         295           0.003333174  295    0
       295
         296           0.001953669  296    0
       296
         297           0.001422553  297    0
       297
         298           0.001080252  298    0
       298
         299           0.000868347  299    0
       299
         300           0.000752465  300    0
       300
         301           0.000301732  301    0
       301
         302           0.000101691  302    0
       302
         303           0.000049778  303    0
       303
$user-defined bonds
$end
